  610.  140.  60.  10.  120.  95.  115.  760.  175.  315.
  475.  90.  250.  30.  140.  120.  100.  775.  115.  325.
  10.  0.  495.  110.  170.  110.  130.  785.  160.  430.
  615.  141.  65.  10.  115.  90.  115.  765.  180.  305.
  179.  29.  421.  87.  161.  112.  119.  776.  143.  373.
  585.  115.  50.  0.  150.  105.  100.  760.  150.  385.
  482.  94.  196.  18.  141.  130.  96.  775.  132.  336.
  652.  100.  95.  7.  57.  85.  150.  807.  115.  330.
  510.  70.  307.  30.  80.  95.  142.  815.  87.  262.
  20.  7.  567.  87.  112.  90.  180.  842.  125.  367.
  655.  97.  97.  10.  52.  85.  152.  807.  122.  320.
  168.  22.  529.  69.  102.  83.  174.  825.  119.  392.
  642.  105.  72.  0.  62.  77.  140.  812.  100.  387.
  389.  34.  262.  14.  92.  97.  147.  848.  84.  392.
  650.  140.  120.  15.  85.  90.  105.  760.  70.  365.
  560.  105.  375.  45.  90.  90.  95.  745.  60.  235.
  10.  10.  710.  55.  145.  85.  130.  815.  60.  380.
  650.  145.  112.  15.  85.  90.  105.  760.  80.  357.
  260.  52.  576.  59.  116.  85.  117.  775.  65.  295.
  615.  125.  95.  0.  115.  90.  85.  760.  40.  475.
  433.  89.  318.  23.  112.  96.  102.  774.  45.  409.
  650.  142.  122.  22.  76.  94.  100.  764.  96.  334.
  578.  106.  338.  42.  106.  94.  92.  752.  64.  228.
  24.  8.  594.  72.  158.  92.  128.  840.  86.  398.
  652.  133.  134.  22.  68.  94.  102.  762.  122.  310.
  434.  77.  431.  60.  117.  88.  105.  770.  73.  229.
  627.  148.  68.  0.  88.  92.  86.  770.  58.  463.
  433.  86.  296.  21.  128.  102.  94.  798.  58.  379.
